42970270
553005399
0
0 0 30
1 1
0
2
2 1 
10 10
0 0 0 0 0 0 1 0 0 0 
0 0 0 0 1 0 0 0 0 0 
0 0 0 0 0 1 1 0 1 0 
0 0 0 0 0 0 1 0 0 0 
0 0 0 0 0 1 0 1 0 0 
0 0 0 0 0 0 2 0 0 0 
0 0 0 0 0 0 0 0 0 1 
0 0 0 0 1 1 0 0 0 0 
0 0 0 0 0 0 0 0 0 0 
0 0 0 0 1 0 1 0 0 0 
4
0 0 1 1 2
0 9 0 4 2 2 2 2
2 2 1 2 2 2
5 5 0 3 2 1 2
1
10 10
1 0 0 0 0 0 0 0 0 1 
0 1 0 0 0 0 0 0 1 0 
0 0 1 0 0 0 0 0 0 0 
0 0 0 1 0 0 0 0 0 0 
0 0 0 0 1 0 0 0 0 0 
0 0 0 0 0 1 0 0 0 0 
0 0 0 0 0 0 1 0 0 0 
0 0 0 0 0 0 0 1 0 0 
0 0 0 0 0 0 0 0 1 0 
1 0 0 0 0 0 0 0 0 1 
4
1 5 1 3 2 2 2
4 2 0 4 2 2 2 2
5 4 0 2 2 2
5 8 0 1 2
